24

2 22 19 6 21 10 8 1 21 10 10 8 15 10 9 13 13 6 12 24 5 4 14 15 4 13 
5 4 15 19 17 18 11 13 21 16 7 3 22 15 13 11 7 5 5 8 8 23 16 20 13 14 
9 6 18 21 18 6 21 3 7 14 12 4 14 14 19 4 24 0 11 22 3 3 10 12 16 21 
5 8 23 18 23 16 22 7 5 21 2 14 17 13 11 0 17 17 23 16 2 1 19 15 0 4 
10 17 3 4 14 8 7 0 8 11 11 11 20 3 8 3 10 20 13 16 1 18 8 7 12 22 
19 4 16 16 19 8 14 16 16 16 17 16 18 21 24 14 20 3 12 20 3 18 5 18 22 1 
1 21 12 8 13 19 0 2 12 16 7 23 0 11 0 12 1 6 18 17 24 2 19 21 17 16 
6 22 23 22 10 13 6 19 9 17 6 24 13 5 21 3 22 7 11 13 0 2 24 2 15 21 
18 6 20 22 21 24 21 13 13 3 9 1 12 8 12 2 9 11 23 15 0 2 18 13 15 17 
3 16 21 0 7 4 11 20 15 4 17 6 23 1 9 2 10 16 24 9 14 18 9 3 18 20 
0 14 21 4 15 7 7 14 11 24 2 5 23 9 13 11 10 22 14 0 22 4 15 23 9 8 
1 24 13 2 16 3 4 15 8 2 11 5 9 21 11 5 0 19 12 21 1 18 24 13 13 22 
16 21 0 24 2 3 18 15 15 23 9 17 19 19 23 13 24 0 4 14 4 24 24 22 21 8 
6 21 10 18 1 2 12 7 9 2 17 17 18 19 20 17 12 8 7 21 22 16 6 6 1 19 
5 15 14 5 20 1 10 24 20 15 12 20 18 15 15 1 7 4 6 2 11 6 19 22 5 20 
12 11 18 12 24 7 23 12 12 0 10 17 14 9 1 8 18 2 3 20 5 4 14 2 5 9 
17 6 11 5 11 1 20 1 20 20 17 0 20 19 3 18 4 23 14 3 19 23 22 12 20 3 
9 24 24 14 17 8 23 22 10 11 24 15 4 4 3 17 19 21 4 1 17 23 20 7 6 23 
8 5 6 1 4 23 10 6 14 17 9 8 7 10 19 14 18 12 22 16 9 15 24 9 14 23 
13 22 5 0 8 6 10 12 15 13 16 14 2 10 17 19 5 10 7 3 2 23 14 22 9 1 
8 10 23 22 6 7 7 0 2 11 1 11 23 13 15 19 19 24 13 8 5 12 19 3 9 22 
20 2 0 2 10 9 7 24 7 24 7 18 15 6 6 12 21 17 5 1 0 9 10 12 9 22 
13 0 10 16 3 11 21 5 19 2 14 20 7 12 15 3 1 15 20 11 5 15 3 19 14 11 
4 12 11 5 10 16 9 23 18 0 8 17 20 13 23 17 0 24 18 0 3 7 9 7 10 19 
10 6 2 1 23 22 6 8 22 1 1 4 24 6 16 16 16 5 4 20 20 21 4 18 0 8 

1 0 1 1 1 1 1 0 0 1 1 1 0 0 0 1 0 1 1 1 1 1 0 1 1 0 1 1 1 0 1 0 1 0 0 0 1 1 1 0 1 1 1 0 0 1 1 0 0 0 1 1 1 1 0 1 0 0 1 1 1 0 0 1 0 1 0 0 0 0 0 1 0 1 0 1 0 1 0 1 1 0 0 1 1 1 1 0 1 1 1 0 0 1 1 1 1 0 1 0 1 1 0 1 1 1 1 0 0 0 0 0 1 1 1 0 1 0 0 0 1 1 0 0 1 1 1 1 1 0 1 1 1 1 1 1 1 0 1 1 0 1 1 1 0 1 0 0 0 0 1 1 1 0 1 1 1 0 0 0 1 0 0 0 1 1 1 1 1 1 1 0 0 0 0 0 1 1 1 1 1 1 0 0 1 1 0 0 1 0 1 1 1 1 1 1 1 0 1 1 0 1 1 0 0 1 1 1 1 0 1 1 0 0 0 0 0 1 1 1 1 0 1 1 1 0 1 0 1 1 1 1 1 1 0 1 1 0 1 1 1 1 1 1 1 1 1 0 0 0 1 1 1 0 1 0 1 0 1 1 0 0 1 1 1 1 1 0 1 1 1 1 1 1 0 1 1 0 1 1 1 0 1 1 0 0 0 1 1 1 1 0 1 1 1 1 1 1 0 1 0 1 1 1 0 1 0 1 1 1 1 1 0 1 0 1 0 0 0 0 0 0 0 0 0 
