14

14 14 5 4 7 0 10 2 4 3 8 9 8 7 5 13 
6 3 8 12 1 0 3 12 14 3 0 2 5 14 5 5 
11 7 9 1 9 10 1 13 10 13 9 4 0 3 8 9 
6 2 6 3 4 9 1 9 8 4 14 8 0 5 2 7 
6 1 14 14 11 6 3 7 1 10 7 0 5 9 10 4 
13 13 8 0 0 2 10 6 2 14 1 4 11 3 10 1 
0 6 8 14 9 14 10 0 11 14 1 8 0 14 11 7 
12 4 13 3 9 3 0 5 10 6 13 3 5 12 9 2 
14 4 4 2 13 7 3 11 12 10 6 0 4 12 13 3 
13 1 6 0 11 11 3 13 7 7 3 11 1 13 2 4 
10 10 4 12 3 9 4 12 7 12 1 4 11 6 8 1 
2 9 0 5 12 6 11 14 8 12 8 2 0 8 13 7 
5 11 13 8 11 1 11 12 12 9 12 5 6 13 7 6 
1 10 2 2 7 10 8 11 7 13 10 5 6 14 12 9 
8 11 12 6 2 1 5 5 10 4 5 7 2 14 9 2 

0 0 0 1 1 1 1 0 0 0 1 0 1 0 1 0 0 1 1 1 1 0 0 1 1 1 1 1 1 1 0 1 1 1 1 0 1 0 1 1 1 1 1 0 1 1 1 0 1 1 1 0 1 0 1 0 0 1 1 0 1 0 1 1 1 0 1 1 0 1 0 1 0 0 1 1 1 1 1 1 1 1 1 0 1 1 1 1 1 1 1 1 1 1 1 0 1 0 1 1 1 1 1 0 0 1 1 0 0 0 0 1 1 0 0 0 0 0 0 0 
