30

27 9 2 1 21 4 26 19 7 1 9 6 3 15 3 27 8 15 5 2 30 13 1 9 16 12 15 21 9 4 8 21 
1 3 5 19 20 29 17 9 20 22 12 29 8 22 28 27 20 23 13 15 6 25 11 17 9 30 5 23 22 7 2 3 
19 26 3 17 30 7 8 16 3 20 4 18 10 11 28 26 4 4 12 22 0 16 2 10 8 30 5 24 28 29 26 21 
25 21 30 20 11 12 12 4 15 6 2 25 26 0 24 15 23 10 1 12 6 3 19 7 26 28 28 30 6 26 18 23 
23 7 4 29 30 23 21 4 10 2 13 11 27 0 15 9 18 0 9 9 21 18 15 21 28 13 25 27 3 26 27 25 
29 24 24 6 4 3 0 11 10 6 17 18 13 2 1 29 29 29 18 20 22 27 25 14 27 15 20 27 16 28 9 6 
11 19 26 14 25 0 30 30 11 8 22 29 17 29 21 16 2 23 25 28 4 2 8 14 5 20 4 15 0 22 16 19 
17 7 21 9 24 14 0 20 18 18 24 19 28 28 10 27 28 20 21 7 4 11 7 18 0 17 24 10 17 12 16 25 
5 14 24 13 17 11 20 27 6 21 29 11 12 17 13 18 18 23 11 2 8 29 9 5 23 19 14 16 0 5 3 10 
8 16 5 8 14 27 22 28 14 15 29 10 13 19 14 15 12 14 8 29 26 25 26 4 15 7 30 8 0 1 11 1 
7 0 11 9 19 25 26 30 11 25 11 28 0 12 25 16 8 16 23 21 19 9 2 5 29 13 0 30 26 10 7 9 
26 16 23 21 3 19 15 16 3 27 4 8 20 14 20 5 24 6 11 2 13 24 9 11 11 7 9 22 9 19 14 17 
25 24 27 2 5 25 16 22 16 1 12 23 13 13 26 10 14 23 18 4 4 7 27 29 13 0 19 12 14 18 22 0 
8 0 28 22 23 25 24 4 6 8 11 6 26 26 27 17 18 23 28 2 19 25 12 20 20 16 13 23 7 8 24 4 
5 10 21 27 2 27 11 22 22 16 26 8 5 20 21 26 6 14 3 27 18 21 0 13 16 22 0 25 12 14 22 18 
12 24 19 21 22 14 7 19 27 19 30 17 16 14 24 19 8 4 2 6 28 11 0 2 17 20 19 18 19 6 5 12 
1 7 23 5 26 0 7 5 28 14 26 17 6 5 3 28 24 16 26 3 25 3 28 14 16 5 4 29 5 14 10 29 
4 30 23 17 1 30 3 29 16 5 30 18 17 15 3 0 1 26 30 26 4 3 30 24 10 9 26 23 29 6 10 22 
9 2 23 16 28 30 21 0 13 1 10 23 21 17 7 14 12 1 10 8 19 15 9 3 11 26 26 26 5 20 11 17 
23 12 15 14 13 12 4 18 6 1 22 3 16 21 22 14 28 1 30 15 7 29 2 1 23 0 12 24 3 14 19 12 
8 8 11 8 18 8 5 8 14 10 19 27 1 18 20 3 7 6 1 22 17 12 30 20 25 21 6 26 5 24 4 12 
11 18 13 7 7 16 7 1 20 21 30 20 15 26 20 17 27 15 28 22 3 25 18 10 30 9 17 25 22 4 3 14 
15 9 30 8 29 19 29 6 17 23 10 9 24 29 17 29 1 24 14 1 7 5 7 9 9 30 28 10 16 27 17 14 
2 24 13 0 6 29 16 23 18 3 18 10 29 12 25 10 21 0 0 11 6 3 16 10 16 28 23 14 2 12 27 1 
9 1 8 21 19 14 23 22 22 13 3 29 28 3 13 25 2 10 27 20 18 11 18 22 30 7 28 16 25 20 6 19 
19 1 21 27 22 5 25 15 4 30 6 20 1 19 21 6 24 21 9 27 8 11 2 13 12 20 24 25 13 23 17 30 
19 18 6 10 20 2 4 30 25 12 18 29 22 28 29 12 25 27 27 11 10 13 2 4 9 6 15 4 3 22 15 15 
8 28 6 22 1 17 15 13 29 10 13 5 21 11 15 28 1 8 24 18 23 13 24 7 7 9 6 4 30 24 23 18 
8 29 20 21 15 15 0 16 1 30 9 5 13 12 0 13 25 28 17 5 2 24 25 24 12 17 2 28 23 3 19 24 
28 1 26 2 20 13 6 19 27 11 16 18 6 5 15 9 10 0 22 4 10 2 24 8 21 26 10 15 12 20 30 25 
2 0 7 4 17 17 14 1 23 22 11 2 5 13 27 7 24 13 7 5 7 17 0 2 21 10 27 20 1 12 15 3 

0 1 0 0 1 1 1 1 1 1 0 1 1 0 1 1 0 1 0 0 1 0 1 0 0 1 1 1 1 0 1 1 1 0 1 0 0 1 0 1 0 0 1 1 1 0 0 1 1 1 1 0 1 0 0 1 1 1 0 1 1 1 0 0 1 1 1 1 1 1 1 0 0 1 0 1 1 1 1 0 1 1 1 1 1 1 0 0 0 0 0 0 1 1 1 1 1 1 0 0 1 1 0 1 1 1 0 0 0 1 1 1 1 1 0 1 1 1 1 1 1 1 1 0 0 1 1 0 1 1 1 1 0 1 1 0 0 1 1 1 0 0 1 1 1 1 1 0 0 1 1 1 1 1 0 1 1 1 0 0 1 1 0 0 1 1 0 1 1 0 1 1 1 0 0 1 0 1 1 1 1 1 1 1 1 0 1 0 1 1 1 0 1 1 0 1 1 0 1 1 0 1 1 1 1 0 1 1 0 1 0 1 1 1 0 1 1 1 1 1 1 0 0 0 1 1 0 0 0 1 1 1 1 0 1 0 1 1 1 0 1 1 1 0 0 1 0 1 1 1 1 1 1 1 1 0 1 0 1 0 0 1 1 0 0 1 0 0 1 0 1 1 0 1 1 1 1 1 0 1 0 1 1 0 1 1 1 0 1 0 0 0 1 1 0 1 1 0 1 1 1 1 1 1 0 0 1 0 1 0 0 1 1 0 1 1 0 1 1 1 0 1 1 1 1 1 0 0 0 0 1 1 1 0 1 0 1 1 1 1 1 1 0 0 0 1 0 1 0 0 1 1 1 1 0 1 1 0 0 1 1 1 1 0 1 0 0 1 1 1 0 1 1 1 1 0 1 1 1 0 1 0 1 1 0 1 0 1 0 1 1 1 1 0 0 1 0 0 1 1 1 0 1 0 1 1 1 0 0 1 1 0 0 0 1 1 1 0 1 0 1 1 1 1 1 1 1 1 0 0 1 1 1 1 0 1 1 0 1 1 0 1 1 0 1 1 1 1 1 1 1 1 1 1 0 0 0 1 0 1 1 1 1 1 1 1 1 1 0 0 1 0 1 0 1 1 0 0 1 1 1 1 1 1 1 1 0 0 0 0 0 0 0 0 0 0 
