22

0 0 19 16 18 10 6 3 21 19 12 3 20 9 18 15 16 9 1 13 19 1 13 8 
11 10 19 22 7 10 4 0 15 5 20 12 2 20 8 12 0 7 5 13 4 13 4 6 
12 4 17 1 22 5 4 1 0 12 21 10 15 21 21 12 2 22 7 8 4 16 0 20 
5 11 10 21 17 12 5 18 5 10 0 10 9 17 20 17 6 7 11 15 17 19 5 20 
8 1 3 21 8 16 14 13 8 19 18 16 20 13 9 22 11 20 2 8 5 8 20 19 
14 7 12 1 18 22 4 0 16 17 16 22 3 22 5 18 9 0 10 16 10 10 15 7 
6 21 18 9 13 5 5 11 15 20 3 8 6 19 5 10 16 11 8 10 13 3 4 6 
21 1 6 20 10 6 7 21 15 12 8 2 4 1 7 4 2 22 22 22 5 13 12 5 
22 5 3 10 18 17 3 2 4 11 9 13 0 17 11 1 1 22 15 5 2 19 14 15 
15 14 2 11 0 20 16 12 11 7 2 2 1 12 12 11 3 19 2 5 17 13 13 13 
3 0 15 15 16 18 13 15 12 0 17 20 12 17 17 0 8 21 9 13 17 2 10 2 
15 5 8 17 14 12 5 9 20 11 13 16 3 10 19 17 3 9 7 10 11 9 16 5 
19 7 6 6 14 19 4 0 10 12 7 1 7 16 22 7 14 19 15 2 3 2 8 22 
13 3 5 21 18 12 1 20 4 18 7 1 14 21 16 12 15 9 9 9 20 11 14 3 
9 20 6 2 18 14 9 21 18 14 1 10 7 17 21 6 10 4 10 11 21 14 19 17 
4 6 19 0 12 15 12 18 2 14 20 22 8 1 4 0 21 8 19 1 2 14 5 8 
4 10 0 22 18 2 0 17 4 8 14 8 22 15 21 3 6 13 19 20 14 20 13 12 
20 14 22 4 6 2 12 1 17 0 2 10 14 18 6 22 3 18 3 6 15 8 0 22 
22 18 17 18 11 19 20 7 19 3 4 11 3 16 5 14 9 8 14 3 2 7 4 6 
1 14 1 10 2 21 6 22 11 16 16 11 4 14 4 9 1 1 11 0 18 11 18 19 
16 5 7 7 7 15 12 8 9 16 21 7 21 20 4 9 15 9 20 16 17 15 13 7 
13 18 22 9 17 16 6 8 6 18 6 6 14 17 0 13 7 21 8 13 15 18 11 19 
21 1 3 9 13 11 11 3 3 6 16 14 16 15 21 19 19 1 17 9 22 2 0 21 

0 0 1 0 0 0 0 1 0 0 1 1 1 0 1 0 1 1 0 1 1 0 0 1 1 1 1 0 0 1 0 0 0 1 1 1 0 1 1 0 1 1 1 1 0 0 0 0 0 1 1 0 1 0 0 0 1 1 0 1 1 1 0 0 1 1 0 1 0 0 1 0 0 0 0 0 1 0 0 1 0 1 0 1 0 0 1 0 1 1 1 1 1 0 0 0 1 1 1 0 1 0 1 0 0 0 1 1 1 1 1 1 1 0 1 1 0 1 1 1 0 1 0 1 1 0 0 1 1 1 0 1 1 1 1 1 1 0 0 0 1 0 1 1 0 1 1 1 0 0 1 0 1 0 1 1 1 0 0 1 0 1 1 0 1 1 0 1 0 0 0 1 0 1 1 1 1 0 1 1 1 1 0 1 1 1 1 0 0 1 0 1 1 0 1 1 0 1 1 1 1 1 1 1 1 0 1 0 0 1 1 1 1 1 1 1 0 0 1 1 0 1 0 1 0 1 1 0 1 0 1 0 1 1 1 0 1 0 0 0 0 1 1 0 1 1 1 1 0 0 0 0 1 1 1 1 1 1 0 1 0 1 1 0 0 1 0 0 0 0 0 0 0 0 0 0 
