17

9 5 17 0 4 17 2 3 3 8 0 14 4 17 14 16 15 12 1 
13 7 12 2 3 12 9 0 14 8 11 2 9 17 9 15 17 5 3 
13 3 4 6 15 16 9 1 2 17 2 10 10 9 14 0 1 12 4 
3 17 16 11 0 1 9 10 10 10 6 11 13 12 11 1 7 6 4 
12 8 11 17 11 1 12 0 13 11 5 7 7 1 3 4 17 14 4 
16 13 0 2 0 9 0 15 11 8 10 11 0 12 17 14 5 8 0 
2 3 9 4 12 2 4 13 14 11 13 4 6 6 12 5 11 6 1 
9 5 11 9 10 14 6 4 15 11 2 15 11 9 1 7 16 15 15 
13 5 6 6 15 4 8 13 15 11 10 7 9 13 5 14 11 4 6 
15 2 10 10 13 3 7 17 0 2 3 17 11 1 9 10 1 6 17 
16 6 4 16 9 17 6 16 12 7 12 17 3 14 8 14 0 8 6 
16 14 5 6 12 1 17 17 12 2 6 13 8 1 13 10 4 10 6 
7 4 0 9 16 12 14 15 17 17 16 12 14 3 3 13 14 14 7 
9 8 0 7 13 9 12 7 10 7 8 5 0 7 8 16 12 8 11 
3 16 5 12 8 15 7 10 2 8 5 13 16 3 5 2 6 3 4 
5 3 15 15 11 10 5 16 1 1 2 14 4 2 10 6 13 14 1 
4 3 8 13 3 7 10 15 10 8 8 9 7 16 0 7 5 13 2 
5 0 5 16 16 7 0 1 15 5 16 1 15 14 15 8 2 2 1 

0 0 0 1 1 1 1 0 1 0 1 1 1 1 1 1 0 1 1 0 1 1 1 1 1 1 0 1 1 1 1 1 0 1 1 1 1 0 0 1 1 0 1 1 1 0 0 1 0 1 1 0 1 0 0 1 1 1 1 0 0 1 1 1 1 0 1 1 1 0 1 1 0 1 1 0 1 1 1 1 0 1 0 1 1 0 1 1 0 1 1 1 1 0 1 1 0 1 1 0 1 1 1 1 1 1 1 1 1 0 0 0 1 1 0 0 1 0 0 1 1 1 1 0 1 0 1 0 0 1 1 1 1 0 0 1 1 1 1 1 0 0 1 0 0 1 1 1 0 1 1 0 1 0 1 1 0 0 1 1 1 0 0 1 0 0 0 0 0 0 0 
