16

8 13 13 5 8 11 13 15 1 6 3 0 7 11 2 16 4 6 
11 15 12 1 1 16 8 13 1 5 16 3 7 9 4 14 6 13 
6 12 5 11 12 10 9 9 7 9 14 9 9 1 16 2 10 15 
0 9 0 7 10 6 1 16 1 16 10 5 9 13 13 13 13 4 
10 7 7 0 11 10 2 10 7 8 14 9 16 11 2 1 7 1 
12 6 4 14 13 16 12 9 6 6 11 0 6 11 3 1 15 0 
8 15 13 13 2 15 13 0 8 10 5 8 6 4 2 0 14 11 
6 4 13 12 3 9 6 8 4 12 12 4 10 10 15 9 7 15 
7 8 9 0 13 14 0 14 3 13 9 7 8 1 8 14 14 5 
11 3 16 10 15 0 11 12 14 12 4 15 12 9 1 12 16 12 
8 11 0 16 6 2 14 4 1 12 15 5 4 15 5 3 5 16 
16 16 5 2 9 4 2 8 5 5 10 15 10 3 10 13 0 5 
14 6 8 4 1 4 2 11 15 0 5 10 3 1 4 12 15 11 
14 9 2 7 8 3 3 7 3 2 12 7 8 2 16 2 14 6 
0 1 2 12 8 7 7 10 13 6 15 5 4 10 5 2 8 11 
0 2 14 1 11 3 5 10 3 7 15 2 15 0 14 16 3 9 
14 3 16 14 12 5 7 3 6 16 1 6 3 0 4 11 4 11 

0 0 1 0 1 1 1 0 0 1 0 1 0 1 1 0 0 1 1 0 1 1 0 0 1 1 1 1 1 0 1 0 1 1 0 0 1 1 0 1 1 1 1 0 0 1 1 1 1 0 1 1 0 1 1 0 0 0 0 0 0 1 1 0 1 0 1 0 0 1 0 0 1 1 1 0 0 1 1 1 1 1 1 0 1 1 1 1 1 1 1 1 1 1 0 0 0 0 1 1 0 1 0 1 0 0 1 1 0 0 1 1 0 0 0 0 0 1 1 0 1 0 0 1 0 1 0 1 1 0 1 0 1 1 1 1 1 1 1 1 0 1 0 1 1 1 0 0 0 0 0 0 0 
