20

12 2 8 13 0 18 7 13 5 3 19 9 7 20 2 20 2 20 5 14 6 14 
4 3 4 11 6 2 6 19 12 12 13 18 19 20 15 7 20 4 5 14 3 4 
14 13 3 20 0 16 5 14 2 0 2 8 2 2 1 15 16 20 17 10 0 19 
17 9 19 6 7 16 9 14 5 17 4 19 9 1 8 3 11 1 0 0 1 8 
14 16 17 19 14 3 15 16 18 0 10 12 20 10 14 7 12 20 13 5 3 11 
2 0 9 1 0 14 1 8 6 0 19 10 17 5 5 3 19 12 12 15 12 7 
6 9 4 18 12 17 18 8 13 8 6 12 5 1 15 12 14 19 20 11 19 12 
12 5 0 5 6 17 20 7 14 3 4 6 12 16 17 17 7 2 2 12 9 9 
6 10 9 4 5 13 0 7 0 20 3 15 9 20 15 12 11 10 18 3 9 20 
13 12 9 0 18 4 15 4 18 15 16 15 15 11 4 10 1 5 13 14 11 10 
13 6 10 4 16 11 18 3 7 20 16 13 18 18 4 2 8 18 19 15 2 16 
20 7 3 15 11 17 13 4 9 7 10 16 18 13 4 8 8 14 16 20 4 5 
3 11 3 14 6 6 11 9 15 19 13 6 6 16 3 7 8 7 8 2 12 19 
20 6 18 11 16 7 11 18 4 17 17 19 18 1 9 5 20 4 16 13 14 1 
18 10 10 19 5 2 11 17 5 2 5 2 0 19 1 8 1 11 19 17 15 6 
10 5 16 16 8 15 3 12 0 0 5 1 19 4 4 14 14 5 1 12 0 3 
7 0 12 18 9 11 2 3 7 10 8 20 0 10 0 9 13 9 1 13 13 1 
18 8 8 17 3 17 14 8 6 6 1 10 10 3 11 15 19 11 19 8 15 6 
16 9 4 10 13 13 16 10 2 7 13 15 7 2 14 0 15 10 19 17 18 15 
14 8 10 16 12 13 11 16 11 8 6 11 17 9 15 20 14 9 1 10 17 3 
17 1 7 18 18 6 9 17 7 5 1 7 17 2 16 2 4 8 11 20 1 1 

1 0 1 1 1 0 0 1 0 1 1 0 0 0 1 1 1 0 1 1 1 1 1 1 0 1 1 1 1 0 1 1 1 0 0 1 1 1 0 1 1 0 1 0 0 0 1 1 0 1 0 1 0 1 0 0 1 1 0 0 1 0 1 1 0 0 0 1 0 1 0 1 0 1 1 0 1 1 0 1 1 1 1 0 1 1 1 1 1 0 0 1 0 0 1 0 0 0 0 1 0 1 0 0 0 1 0 0 1 0 0 1 0 0 0 0 1 1 0 1 1 1 0 1 0 1 0 1 0 1 1 0 1 1 0 0 1 1 1 1 1 0 1 1 1 1 1 1 1 1 1 1 1 0 0 1 1 0 0 0 1 0 1 1 1 1 0 1 1 1 0 0 1 1 1 1 1 1 1 0 1 1 1 0 1 1 1 0 0 1 1 1 0 1 1 1 1 0 1 0 1 1 1 1 0 1 0 1 1 1 0 1 0 0 0 0 0 0 0 0 0 0 0 0 0 0 0 0 0 0 0 
