15

14 10 5 15 8 14 13 9 4 14 15 6 15 6 4 12 15 
15 12 0 7 15 9 12 5 8 5 6 10 1 3 11 4 2 
10 4 9 2 11 15 10 14 6 7 2 11 10 14 0 13 15 
12 7 2 6 0 4 0 4 15 13 5 8 8 8 4 15 9 
9 10 15 14 2 1 11 10 15 1 2 2 8 11 4 11 1 
2 7 10 6 3 8 7 6 0 1 15 7 12 5 9 11 0 
0 13 12 0 6 1 12 0 5 14 13 12 10 9 6 14 0 
12 13 2 2 1 9 12 1 10 4 3 15 9 4 8 10 15 
1 3 13 15 5 0 3 2 13 9 8 9 7 1 13 11 7 
5 11 4 0 10 13 2 12 5 12 5 11 7 14 0 3 2 
8 6 13 4 15 11 9 9 13 7 4 11 1 14 8 7 6 
3 3 2 2 1 12 6 13 13 1 3 11 14 11 12 13 3 
1 9 8 12 3 3 13 10 10 13 7 12 14 6 6 8 0 
1 5 7 6 14 14 5 9 7 0 10 11 9 8 1 5 11 
5 8 9 4 8 0 4 7 2 3 3 5 7 8 2 4 4 
6 6 0 14 10 3 7 14 10 11 5 5 3 3 14 1 12 

0 0 1 1 0 1 0 0 0 1 1 0 0 1 1 0 0 1 1 0 1 0 1 0 1 0 1 1 1 1 1 1 0 1 1 0 1 1 1 1 1 1 0 1 0 0 1 1 1 0 1 0 1 1 1 0 1 1 1 0 1 0 0 0 1 1 0 1 0 1 1 0 1 1 1 1 1 0 1 0 1 1 0 0 1 1 1 1 1 1 0 0 1 1 1 1 1 1 1 1 1 0 0 1 1 1 1 1 0 0 0 1 1 0 1 1 0 0 0 1 1 0 1 1 1 1 1 1 0 0 1 0 0 0 0 0 
