25

24 13 24 21 9 16 6 4 7 5 24 22 3 22 10 17 18 18 6 25 22 23 16 20 1 10 7 
1 17 5 13 16 14 6 5 6 18 0 24 7 12 20 15 6 4 19 21 18 22 13 17 21 21 1 
24 9 15 14 5 15 15 24 17 5 18 25 0 6 12 16 0 17 15 16 16 7 1 22 1 12 25 
5 2 20 1 5 21 13 24 14 15 22 17 2 15 5 10 19 8 3 17 2 12 11 9 19 18 23 
8 3 11 0 12 20 12 1 13 25 25 24 7 17 22 14 11 18 9 9 15 15 16 25 20 6 4 
22 1 24 1 20 25 2 9 16 15 19 14 21 19 13 12 9 11 23 16 21 18 19 16 22 8 4 
10 9 19 9 23 24 13 15 8 6 24 5 4 16 15 23 17 6 9 6 14 3 4 25 14 8 0 
4 3 25 2 8 20 17 11 11 15 21 5 22 12 18 18 17 20 11 22 23 9 4 11 18 19 19 
2 5 16 1 21 18 14 9 4 12 21 22 0 17 19 22 12 2 23 6 5 19 7 20 22 18 11 
13 1 12 6 22 23 13 18 14 10 10 22 11 25 2 7 2 25 25 23 20 17 11 7 20 23 23 
23 17 17 23 3 1 7 18 4 4 25 25 14 2 15 24 18 0 15 7 4 20 8 13 5 22 15 
19 14 8 7 10 15 14 14 6 13 3 25 5 18 19 6 4 20 23 3 11 14 1 20 19 12 19 
17 23 5 0 5 12 8 13 20 5 11 3 16 24 8 0 6 23 23 0 2 24 15 22 2 23 15 
16 18 19 3 3 4 25 6 14 11 19 20 15 10 25 7 16 22 8 10 21 17 1 11 24 8 23 
7 3 0 15 6 22 14 7 22 21 8 11 9 24 4 25 0 1 11 1 19 11 10 14 6 17 8 
2 23 13 12 14 13 8 21 19 11 24 10 10 12 9 14 20 3 2 6 4 9 20 9 17 12 13 
21 3 19 11 1 0 25 10 9 2 1 5 12 3 7 17 18 25 19 20 10 16 17 5 16 6 10 
8 11 8 2 13 19 21 7 6 11 4 12 6 4 14 2 0 5 7 21 23 20 21 11 24 12 20 
8 15 10 16 9 3 3 6 9 3 7 10 2 22 20 5 8 20 4 0 13 11 21 4 24 23 3 
15 10 2 8 24 18 10 19 19 2 7 19 2 21 20 21 25 24 4 18 15 24 10 0 23 3 14 
8 7 11 17 25 22 24 10 25 16 4 25 2 5 4 2 16 18 6 16 3 19 22 23 17 0 3 
4 7 16 1 8 12 3 5 12 21 0 20 13 25 2 14 22 10 25 24 7 2 1 0 25 16 5 
16 9 18 8 7 0 0 1 9 16 2 14 21 14 19 9 12 3 18 12 21 4 7 22 20 10 23 
11 14 0 5 9 0 10 15 24 1 1 0 14 5 15 12 12 17 13 13 12 8 9 18 3 13 4 
21 23 1 17 3 9 0 11 14 10 13 5 17 10 9 8 4 1 18 21 13 7 17 13 8 21 6 
23 18 20 7 24 16 21 24 6 8 16 0 13 2 12 0 15 7 13 13 10 1 1 9 22 6 3 

1 0 0 1 1 1 0 1 1 0 0 0 1 0 0 1 1 0 1 0 1 1 1 1 1 1 0 1 0 0 1 1 1 1 1 0 1 0 1 1 1 0 1 0 1 1 1 1 1 0 0 1 1 1 1 0 1 1 1 1 1 0 0 1 1 1 1 1 0 1 1 1 1 1 0 0 1 1 0 1 1 1 1 0 1 1 1 1 0 1 0 1 1 1 1 1 1 0 0 1 1 0 0 1 1 1 1 0 0 0 0 1 1 1 0 1 1 1 0 1 1 1 0 1 0 0 1 0 0 0 0 1 1 0 0 1 1 1 1 1 1 1 1 0 0 0 1 1 0 0 1 1 1 1 1 0 1 0 1 1 1 0 1 1 0 0 1 0 1 1 1 0 1 1 0 1 1 0 1 1 1 1 1 0 1 0 1 1 1 0 1 1 0 0 0 1 1 1 1 1 1 1 1 1 0 0 1 1 0 1 1 0 1 1 0 0 0 1 1 1 1 0 0 1 1 0 1 0 1 0 1 1 1 0 1 1 1 1 1 1 1 1 0 1 1 1 1 0 1 1 1 1 0 0 1 1 0 1 0 0 1 0 1 0 0 1 1 0 0 0 1 0 1 1 1 0 1 1 1 0 1 0 0 1 0 0 1 1 0 1 1 1 1 0 0 0 0 0 1 1 0 1 1 1 1 1 0 0 1 1 1 0 0 1 0 0 1 1 0 0 0 0 0 1 1 0 1 0 1 0 0 1 0 1 0 1 0 1 1 1 1 1 1 0 0 0 0 0 0 0 0 
