19

7 0 4 10 6 8 17 17 10 8 9 1 9 4 13 10 1 3 10 1 2 
14 5 15 4 14 9 5 10 3 7 6 0 10 19 13 9 6 14 17 15 1 
6 16 2 19 5 18 5 18 11 0 13 11 8 10 12 16 6 1 4 19 18 
1 13 12 4 8 18 4 2 17 7 9 7 13 12 1 11 0 15 8 5 5 
18 3 7 8 14 18 18 14 17 11 6 9 0 15 5 3 11 8 15 1 3 
9 5 16 14 0 18 17 14 9 9 8 15 6 17 13 14 15 0 10 3 18 
19 17 19 11 15 7 15 3 3 2 1 6 19 19 6 14 12 9 12 3 1 
1 15 16 16 11 10 15 13 2 12 18 4 6 7 7 17 11 8 2 4 19 
9 5 0 0 2 19 7 9 17 2 16 8 15 7 2 18 0 8 18 3 8 
7 6 9 12 5 12 17 15 1 10 4 14 7 13 11 12 4 19 19 0 12 
12 9 12 6 15 13 9 11 18 8 16 0 5 9 5 17 7 5 1 12 13 
15 5 12 13 8 8 18 16 10 16 2 19 10 9 10 14 19 5 11 13 19 
1 7 7 14 17 5 8 7 14 17 10 3 13 18 2 12 5 16 10 17 1 
14 10 11 2 14 5 0 3 19 15 10 17 11 11 16 16 17 16 13 1 16 
5 2 17 15 3 12 7 1 18 18 12 15 11 7 10 5 2 18 0 11 11 
13 15 0 8 17 16 4 4 13 4 6 8 19 13 13 0 13 4 2 9 17 
3 6 10 3 6 19 12 3 3 14 2 0 11 2 16 4 4 19 14 16 6 
18 0 4 18 14 16 3 19 4 15 14 14 9 16 8 6 17 11 4 11 7 
1 3 0 7 16 2 4 6 1 3 9 5 12 14 8 18 12 15 11 13 8 
1 10 0 19 19 16 3 13 0 1 7 2 2 6 6 6 2 10 4 12 9 

1 0 0 0 0 1 1 1 0 1 1 0 0 1 0 0 1 0 1 0 1 1 1 1 0 0 1 1 1 1 1 1 1 1 1 1 1 1 0 1 1 1 0 1 1 0 1 0 0 1 1 1 0 0 1 1 0 1 0 0 1 1 1 0 0 1 0 0 1 1 1 0 1 1 1 0 1 1 0 1 0 1 0 1 1 0 1 1 1 1 1 0 1 1 1 1 1 0 1 1 1 1 1 1 1 1 1 0 1 1 1 0 1 1 1 1 0 1 1 1 1 1 0 1 1 1 1 1 1 1 1 0 0 1 1 1 1 0 1 0 0 0 0 1 1 0 1 1 0 1 1 1 0 1 1 1 1 0 0 1 0 1 1 1 0 0 1 1 0 1 1 0 1 1 1 1 0 0 1 0 1 1 0 1 1 0 0 0 1 1 1 1 1 1 1 0 0 0 0 1 1 1 1 0 0 0 0 0 0 0 
