23

13 15 13 13 17 17 22 7 17 11 8 13 17 23 3 9 10 4 22 20 10 18 15 17 9 
16 12 22 6 2 9 0 21 0 16 14 20 18 10 15 10 18 2 2 14 3 6 4 0 15 
8 1 13 14 6 20 0 1 11 12 17 4 2 21 19 13 13 23 0 11 8 20 20 9 16 
23 22 16 14 7 16 2 16 3 16 23 21 6 18 4 6 13 5 10 3 8 12 1 22 14 
6 5 22 18 11 1 14 23 17 17 18 17 7 22 15 16 17 6 19 12 8 5 16 1 13 
12 0 19 12 13 6 11 7 7 13 14 23 8 17 16 6 0 10 9 10 4 7 18 12 3 
20 17 12 14 23 11 4 0 21 12 17 19 7 2 22 11 21 23 0 15 5 1 19 3 1 
1 1 18 13 5 8 7 23 16 15 14 3 20 14 20 20 22 13 16 3 1 6 15 19 21 
2 2 14 7 9 20 19 8 19 15 13 10 1 3 14 14 2 10 6 21 19 0 14 10 8 
21 1 9 22 20 2 16 17 5 20 8 19 3 5 9 9 10 1 5 21 2 22 20 8 9 
2 8 5 15 17 4 19 19 23 20 2 5 3 7 17 0 9 15 7 6 11 9 21 23 7 
22 17 0 4 19 20 0 1 6 18 15 10 15 3 1 22 21 11 4 8 9 17 15 6 18 
10 22 2 0 12 21 19 19 14 15 0 8 20 18 22 2 23 5 4 7 21 5 20 17 18 
12 13 16 3 4 3 21 5 15 14 21 13 14 12 12 23 4 4 21 16 18 4 8 9 11 
7 3 23 22 18 19 4 0 19 10 3 16 9 23 11 23 14 19 10 10 3 6 21 10 11 
0 8 5 15 21 22 20 18 20 2 8 1 19 12 18 5 1 8 23 1 2 3 5 6 19 
11 6 14 14 16 5 15 7 20 19 16 10 9 3 11 13 12 21 21 18 13 12 10 9 1 
18 20 9 11 4 11 1 2 0 0 16 4 14 13 20 12 13 6 14 3 22 8 7 7 12 
13 19 17 14 19 18 4 6 22 14 15 11 16 4 11 2 7 12 5 0 18 6 15 0 13 
18 11 10 4 4 0 9 11 22 22 5 16 11 13 2 7 8 17 2 21 9 19 9 23 5 
8 21 11 23 6 6 12 23 5 5 17 3 19 7 11 7 10 12 15 20 23 18 6 6 16 
16 3 4 3 8 17 1 14 23 7 12 12 7 0 11 9 8 15 1 17 10 13 9 23 10 
20 7 23 20 15 18 9 22 2 21 15 23 10 3 16 5 12 18 0 1 18 2 13 2 4 
8 4 2 15 0 22 22 6 1 4 21 5 16 21 10 22 8 1 5 7 3 9 12 17 11 

0 0 0 0 0 1 1 0 0 1 0 0 1 0 1 1 0 1 0 1 1 1 1 1 0 1 0 0 0 0 0 0 0 0 1 1 1 1 1 0 0 1 0 0 1 0 1 1 1 1 0 0 1 1 0 0 0 1 1 0 1 0 1 0 1 0 1 1 0 0 0 0 0 0 1 1 1 1 0 1 1 1 1 0 1 1 1 1 0 0 1 1 1 0 1 1 1 1 0 0 1 1 1 1 1 1 0 0 1 0 1 0 1 0 1 1 1 0 1 0 0 1 1 0 0 1 1 1 1 0 1 1 1 0 0 1 1 0 0 1 1 0 1 1 0 1 1 1 1 0 1 1 1 1 1 1 0 1 1 0 1 1 0 1 1 1 1 0 0 1 1 0 1 1 1 0 0 0 0 1 1 1 1 1 1 1 1 0 0 0 0 1 0 1 1 1 1 0 0 0 0 1 1 0 1 1 0 1 1 1 1 0 1 1 1 0 1 1 0 1 0 1 1 1 1 1 0 0 0 1 1 1 1 1 0 1 1 1 1 1 1 0 0 1 1 1 1 0 0 0 1 0 1 0 0 0 0 1 1 1 0 0 0 0 1 0 1 1 1 1 1 1 1 0 0 0 0 1 1 0 0 0 0 1 0 1 0 1 1 1 0 0 0 0 0 0 0 0 0 0 
