28

18 17 3 2 14 2 28 21 22 21 22 21 23 22 19 12 18 25 21 14 2 25 27 22 17 26 6 19 0 11 
21 5 0 15 22 4 13 16 24 24 10 0 5 28 7 13 7 13 13 28 28 20 8 15 19 16 0 25 26 14 
13 11 20 9 23 12 14 2 9 14 23 9 16 24 12 21 27 0 14 12 20 8 16 22 17 0 10 25 3 17 
22 6 27 28 16 19 20 13 17 1 24 11 1 14 8 28 18 28 26 17 23 15 16 11 25 10 13 25 3 20 
7 20 10 23 24 3 1 16 18 4 20 17 2 5 12 25 26 2 10 14 23 8 15 27 4 16 14 26 15 14 
0 11 5 21 10 18 21 15 8 18 4 17 16 13 18 1 26 1 14 23 22 17 0 15 4 17 26 7 7 19 
17 11 0 19 3 5 21 2 27 13 11 4 27 20 16 7 6 23 8 27 6 28 21 9 27 1 8 19 6 16 
10 12 24 25 28 1 14 4 28 19 11 10 12 23 16 16 17 27 5 7 20 23 14 21 18 4 12 6 14 3 
25 18 25 14 26 0 12 0 27 17 2 24 27 10 0 25 16 1 1 18 25 15 19 0 23 9 24 21 12 24 
22 12 9 2 22 8 27 11 16 22 9 18 27 13 9 25 13 3 23 18 8 3 20 4 11 18 3 10 0 16 
25 21 9 26 18 23 1 16 13 4 11 27 17 28 9 1 25 4 5 7 22 16 26 19 13 3 12 15 27 15 
15 2 13 15 26 28 20 27 1 18 23 20 12 10 2 23 6 18 6 10 24 24 4 7 21 6 3 10 13 11 
8 13 19 5 3 0 10 1 3 23 9 5 15 15 8 14 14 2 1 18 3 9 12 20 26 15 0 1 28 2 
6 15 21 26 3 10 24 25 3 22 27 3 22 28 8 19 18 5 1 20 28 6 20 25 17 19 2 13 28 2 
9 25 22 2 4 4 1 16 20 11 18 23 3 20 24 25 9 22 18 17 1 0 26 12 8 24 9 5 5 19 
18 26 22 25 14 21 9 8 3 8 24 24 12 16 20 28 23 4 23 2 24 8 13 25 6 28 10 22 24 19 
9 14 27 7 0 5 6 28 26 9 22 22 11 18 27 28 19 19 11 27 8 17 27 14 17 22 27 23 15 19 
5 5 15 8 0 8 26 4 1 8 0 27 27 25 22 20 9 9 13 27 0 13 3 1 1 7 24 0 5 12 
12 23 9 3 25 14 9 5 7 19 10 14 5 10 10 8 9 3 22 18 1 17 19 19 17 23 16 26 15 25 
28 23 28 3 23 15 21 15 14 5 1 18 0 2 4 28 13 4 10 11 22 26 25 16 4 16 5 6 18 7 
26 6 7 18 3 2 17 7 12 25 11 7 23 6 27 4 8 21 6 10 8 0 20 0 24 19 11 3 0 27 
22 2 2 16 15 17 4 13 26 9 1 26 19 6 1 6 25 3 25 13 21 2 26 16 9 1 0 9 4 28 
3 7 5 7 20 24 26 19 2 7 7 23 5 4 12 1 10 2 8 0 22 20 15 14 6 10 7 21 15 12 
3 5 4 13 27 7 15 10 26 23 12 13 24 7 14 21 26 18 7 17 5 19 15 5 17 2 7 16 23 22 
16 10 10 18 14 4 12 17 2 23 10 25 24 13 6 28 8 4 18 9 20 27 6 24 28 26 2 6 13 27 
12 21 11 28 2 8 9 20 13 5 9 24 7 4 0 20 1 15 11 28 5 6 16 1 21 24 8 7 11 26 
6 8 17 14 17 24 21 20 21 12 11 22 19 13 2 6 6 17 2 3 14 3 4 15 20 4 12 28 16 0 
11 22 23 16 12 21 20 5 12 11 11 11 25 11 12 11 26 8 4 15 19 11 20 18 15 6 12 14 10 17 
26 24 19 19 7 1 24 21 6 21 7 24 10 19 28 9 5 10 7 22 8 11 14 20 6 13 17 21 5 21 

1 0 1 1 0 1 1 0 0 0 1 1 0 0 0 0 0 0 1 1 1 1 1 1 1 0 1 1 0 0 0 1 0 0 1 1 0 1 1 0 0 0 1 1 1 1 1 1 1 1 1 0 0 1 1 1 1 0 1 1 1 0 1 1 1 1 1 1 0 1 1 1 1 1 1 1 0 1 1 1 1 1 1 1 1 1 1 1 1 1 0 1 1 1 1 1 0 1 0 1 1 0 1 1 1 1 1 0 1 1 0 1 1 0 0 1 1 0 1 1 1 1 1 1 1 1 1 1 1 0 1 1 1 0 1 0 1 1 1 1 1 0 0 1 1 0 1 0 1 0 1 1 1 1 1 1 1 1 1 0 0 0 1 1 0 1 0 1 1 1 1 1 1 1 1 0 1 1 0 0 1 1 1 1 1 1 1 1 0 1 1 1 1 1 0 1 1 1 1 1 1 1 0 0 0 1 1 0 1 1 1 0 1 1 1 1 1 1 1 1 1 1 0 1 0 0 0 1 0 0 1 1 0 1 1 0 0 0 1 0 1 0 1 0 1 1 1 1 0 1 1 1 1 0 1 1 1 1 1 0 1 1 1 0 1 1 1 1 0 1 1 1 1 1 1 1 1 0 1 1 1 1 1 0 1 1 0 1 1 0 1 0 0 1 0 1 1 1 1 1 1 1 0 1 1 1 1 1 1 0 1 1 1 0 1 1 1 1 1 1 0 1 1 1 1 1 1 1 1 1 1 1 1 1 0 1 1 0 0 0 1 1 1 1 1 1 1 1 1 1 0 0 1 0 1 0 1 1 1 0 1 0 1 1 0 0 1 1 0 1 0 1 0 0 0 1 1 1 1 1 0 1 1 1 0 0 0 1 1 0 0 1 1 1 1 1 1 1 1 0 0 0 1 1 1 0 1 0 1 1 1 0 0 0 1 0 1 1 0 1 0 1 0 0 0 0 0 0 0 0 0 0 0 0 0 
