11

6 3 0 9 5 7 0 6 11 11 8 2 3 
3 1 10 5 9 1 8 6 10 11 9 0 6 
7 9 7 5 8 1 2 4 4 7 5 3 4 
8 10 7 8 8 11 6 3 10 10 5 0 2 
8 3 10 8 0 5 9 3 10 3 3 11 9 
1 1 10 4 6 1 2 6 2 11 4 4 0 
9 0 9 11 3 4 4 1 10 11 5 2 0 
3 1 7 8 11 8 5 0 5 11 1 5 10 
6 2 2 1 8 6 6 3 0 11 6 7 9 
1 7 6 11 0 2 7 7 3 4 5 7 2 
2 8 5 7 10 9 2 9 2 9 4 10 11 
10 4 0 4 6 8 5 9 0 7 1 1 4 

1 1 1 0 0 1 1 0 0 1 0 1 1 0 1 0 1 0 1 1 0 0 0 1 1 0 1 1 0 1 1 1 0 0 0 0 0 0 1 1 1 1 0 1 0 0 1 1 0 1 1 1 1 1 1 1 0 1 1 0 0 0 0 1 1 1 1 1 0 1 1 1 1 1 1 0 0 0 
