13

4 2 6 10 7 4 4 10 11 2 2 0 9 0 9 
13 2 10 12 9 6 1 13 2 5 0 5 8 13 2 
13 5 3 7 7 4 10 5 6 5 3 3 13 0 12 
7 7 11 3 1 5 5 7 0 12 8 13 5 4 11 
0 0 2 1 13 10 9 10 3 7 12 7 6 1 9 
4 0 8 13 9 5 5 9 3 1 12 0 5 10 8 
11 12 12 12 7 5 7 4 7 6 3 4 6 7 8 
2 1 10 8 2 10 13 3 11 8 1 13 12 8 5 
12 1 10 8 8 7 11 5 9 3 9 9 13 13 9 
10 12 1 0 4 8 0 2 11 0 12 3 12 5 9 
0 2 1 4 10 11 2 3 13 6 8 11 13 12 11 
2 2 0 0 11 8 10 11 11 1 7 4 4 3 6 
4 9 1 13 6 6 4 12 6 1 11 9 10 3 3 
4 6 6 6 8 3 1 11 2 9 10 8 7 1 6 

0 1 1 0 1 1 0 1 1 0 1 0 1 1 0 1 1 0 1 1 0 1 0 1 1 0 0 0 1 1 0 0 1 0 0 0 1 1 1 1 1 1 0 1 0 0 1 0 1 1 1 0 1 1 1 1 0 1 1 1 1 0 0 1 0 1 1 1 0 1 1 1 1 1 0 1 1 1 1 0 1 1 0 1 0 1 0 1 0 1 1 1 1 1 1 0 0 1 1 1 0 0 0 0 0 
