18

10 17 5 16 16 8 16 17 9 17 10 11 8 3 15 14 18 9 4 3 
15 13 11 2 3 14 8 6 1 0 14 15 13 6 7 5 10 9 4 5 
7 3 13 8 0 0 10 3 11 4 13 2 10 11 16 6 10 11 8 10 
13 12 8 15 1 11 9 15 9 16 4 6 13 14 3 5 0 2 0 10 
6 5 1 8 0 11 12 16 17 14 8 17 4 5 6 13 11 7 4 17 
0 0 13 3 6 16 17 15 5 14 11 3 6 13 18 0 3 1 12 18 
11 14 2 13 6 7 12 5 3 4 4 7 4 0 0 16 10 5 5 18 
18 13 18 16 6 8 7 7 4 14 2 6 16 18 15 17 4 15 5 10 
11 15 2 9 10 9 4 12 9 1 14 8 12 16 8 7 13 7 1 2 
14 15 8 17 7 1 18 12 3 2 16 10 15 4 5 9 7 5 3 2 
2 15 13 16 6 4 15 0 1 7 11 1 5 4 15 7 1 14 6 11 
3 18 6 15 9 5 2 3 5 12 1 2 7 11 14 0 17 10 3 6 
2 5 5 14 4 7 3 3 14 17 16 17 2 11 10 16 7 0 11 18 
1 9 13 4 14 12 8 3 10 13 8 8 0 10 1 0 3 18 18 1 
1 8 13 2 7 18 8 6 4 0 8 10 17 11 18 14 14 8 9 6 
11 5 2 16 2 9 16 1 15 9 0 17 4 15 13 7 9 17 9 15 
12 17 12 6 2 2 9 18 1 13 7 17 9 16 13 1 11 9 0 14 
4 18 12 10 7 11 6 14 10 12 12 13 6 16 18 5 12 17 3 16 
12 18 9 18 10 17 15 18 12 0 8 12 12 15 12 1 2 17 1 14 

1 1 0 1 1 0 1 1 0 1 0 0 1 1 1 1 1 0 1 1 1 1 0 1 1 1 0 0 1 1 0 0 1 1 1 0 0 1 1 0 0 0 0 1 1 1 1 1 1 1 1 0 0 0 0 1 1 1 1 0 1 0 1 0 1 1 0 0 0 0 1 1 1 1 1 1 0 0 0 1 1 0 1 1 0 1 1 1 0 1 1 1 1 1 1 1 0 1 1 0 0 1 1 0 0 1 1 0 0 0 1 1 0 0 0 0 1 0 1 0 1 1 0 0 0 0 0 0 0 0 1 1 1 1 0 0 1 1 1 0 0 0 1 0 0 1 1 0 1 1 1 1 0 0 1 1 1 1 1 1 1 1 1 1 1 1 1 1 0 1 0 1 1 1 1 1 0 0 1 1 1 0 0 1 0 0 0 0 0 0 
