27

22 19 1 9 14 21 24 25 18 12 12 27 3 16 4 18 27 3 6 6 13 5 10 21 11 27 5 18 18 
12 18 18 11 19 19 27 5 27 0 13 6 2 24 1 24 26 4 9 7 26 4 19 24 0 24 6 18 4 
25 18 6 23 21 4 8 21 4 6 17 6 27 8 14 11 8 25 2 18 20 7 5 14 19 26 17 14 17 
0 24 0 24 17 5 1 26 22 2 10 2 23 15 18 26 10 8 6 23 8 2 15 15 26 26 7 25 10 
7 26 9 19 0 9 20 7 8 6 20 20 27 25 23 14 13 14 17 1 11 12 12 20 12 1 18 11 4 
22 22 10 27 21 20 19 23 22 25 16 22 16 1 23 12 9 12 0 1 26 4 12 20 12 23 13 4 3 
17 27 6 26 15 13 16 3 7 21 7 14 0 7 7 6 9 18 11 2 4 3 11 5 9 15 24 19 0 
12 0 21 23 5 19 14 20 5 9 7 10 0 13 15 27 22 14 24 13 26 5 12 11 21 17 24 17 5 
17 20 0 14 14 11 0 14 25 24 6 9 19 21 19 9 8 6 16 22 10 15 15 3 7 8 24 25 17 
3 21 14 23 2 10 3 11 18 1 4 23 11 22 26 25 1 20 3 6 5 8 7 3 27 13 17 2 15 
11 24 12 11 16 10 5 4 13 15 9 8 13 26 6 19 23 0 25 1 5 26 12 14 7 25 25 18 14 
19 4 20 23 12 13 26 10 4 15 10 0 16 2 7 15 23 25 14 4 2 9 22 3 11 2 19 22 15 
20 3 19 10 7 15 9 24 2 8 4 22 12 17 24 22 10 10 22 16 17 17 4 6 15 0 6 8 26 
11 18 20 15 3 13 17 0 1 16 18 7 20 5 26 11 11 8 24 15 7 0 23 18 2 7 20 20 8 
21 13 8 9 2 23 25 20 22 5 17 9 24 22 4 16 11 2 16 16 14 10 10 22 15 12 11 25 20 
14 4 22 5 12 4 26 16 10 1 13 23 1 13 21 0 5 5 6 2 10 26 9 7 10 18 9 27 19 
16 21 27 24 20 0 9 17 5 1 16 13 17 25 17 26 7 27 23 22 8 3 7 25 22 18 21 18 2 
7 13 8 4 0 6 14 19 20 1 4 20 25 25 20 12 13 5 9 21 12 23 26 11 13 2 2 0 19 
6 2 6 10 17 5 19 12 23 27 7 19 7 18 16 14 19 0 24 20 11 24 21 23 11 18 23 0 22 
10 0 14 14 5 9 27 10 22 2 7 25 9 5 22 27 24 18 25 3 25 3 8 13 0 7 10 12 11 
20 3 14 3 8 3 27 3 4 19 18 6 25 5 1 15 13 13 16 24 26 19 8 13 5 13 10 19 3 
15 23 19 9 10 12 20 17 4 6 24 22 9 23 27 24 26 3 27 27 14 5 14 23 8 17 27 27 17 
6 23 17 6 17 25 14 1 10 26 27 1 11 13 19 22 0 4 4 21 8 20 3 23 18 8 21 15 27 
4 15 23 6 11 3 7 6 18 6 27 12 2 5 21 17 15 18 5 24 1 9 18 16 16 15 15 9 13 
11 17 10 8 21 23 18 16 3 22 21 14 14 2 16 1 1 22 25 8 11 3 0 27 8 0 26 3 1 
25 15 26 9 12 22 25 26 4 20 21 17 26 16 2 21 22 1 24 12 15 5 27 13 13 9 16 24 21 
19 2 17 26 3 6 12 21 15 2 16 16 16 14 21 21 10 8 23 1 7 1 25 10 4 7 3 1 8 
16 20 27 1 20 16 2 15 16 11 9 12 21 24 9 12 21 25 13 2 11 19 8 19 2 24 1 1 0 

0 1 1 0 0 0 0 1 0 1 1 0 0 0 1 0 0 1 1 1 0 1 1 1 0 1 0 1 0 1 0 0 0 0 1 1 0 1 1 0 1 1 1 1 0 0 1 0 1 1 1 1 1 1 0 1 1 0 1 1 0 0 0 1 1 0 1 0 0 0 0 1 0 1 0 0 0 0 0 1 1 1 1 1 1 0 1 1 0 0 0 0 1 1 0 1 0 1 1 1 1 0 1 0 1 1 1 1 1 0 1 1 0 1 1 1 1 0 1 1 1 1 1 0 1 1 0 0 1 1 0 1 1 1 1 0 0 0 1 1 1 1 0 0 1 1 0 1 1 1 1 0 0 1 0 1 0 1 0 1 1 1 1 1 1 1 1 0 1 0 1 1 1 1 1 0 0 0 0 0 1 0 1 0 0 0 1 0 0 1 1 1 0 0 1 0 1 1 0 0 1 0 1 1 1 0 1 1 0 0 1 0 1 0 1 1 1 1 1 1 1 0 0 1 0 1 1 0 1 0 1 0 1 0 1 1 0 0 1 0 1 0 1 1 1 0 1 0 1 0 0 0 1 1 1 1 0 0 1 1 1 1 1 1 0 0 1 1 1 1 1 1 1 0 0 1 1 1 1 1 0 1 0 1 1 1 1 0 1 1 1 1 1 1 0 1 1 1 0 0 0 1 1 1 1 1 1 1 0 1 1 1 0 0 1 1 0 1 0 1 0 1 1 1 0 1 0 1 0 1 1 1 0 0 1 1 0 1 0 0 0 0 1 1 0 0 0 1 1 1 1 0 1 1 0 1 1 0 1 1 0 0 0 1 1 0 1 0 1 1 0 0 1 0 1 0 1 1 0 0 1 0 1 1 1 0 1 0 1 0 0 1 1 0 0 1 0 0 0 0 0 0 0 0 0 0 
