26

7 20 2 8 9 26 11 26 7 9 6 25 26 2 22 17 26 5 22 21 3 1 5 5 0 13 10 11 
24 18 21 18 22 16 12 13 10 15 13 6 18 16 19 17 19 7 9 25 12 24 0 13 16 26 16 7 
17 4 8 0 13 6 9 22 24 24 20 24 16 6 16 5 2 2 6 6 2 17 23 16 20 17 11 2 
7 4 25 9 10 25 26 20 16 17 6 4 9 3 8 25 8 2 3 1 0 19 8 24 16 13 22 25 
21 1 18 12 6 19 2 7 11 0 19 14 17 7 7 19 0 13 11 14 21 18 11 11 21 20 14 12 
24 11 14 1 19 14 26 20 15 6 23 25 2 0 0 4 11 24 3 14 3 25 5 22 21 23 16 13 
13 7 9 9 5 12 0 22 6 9 7 24 18 17 10 15 15 21 3 7 12 4 11 8 16 11 12 17 
13 22 4 17 26 23 25 16 10 16 6 21 20 3 8 6 11 6 18 21 25 3 21 19 16 19 3 14 
21 26 24 10 26 6 13 7 17 12 25 25 4 6 18 15 24 12 14 18 16 13 5 8 7 4 9 15 
1 22 15 15 19 3 10 10 8 14 21 0 10 19 4 9 13 18 1 5 3 20 26 24 15 12 22 12 
2 15 6 21 15 25 2 15 1 5 9 18 23 9 8 22 7 26 13 20 4 16 3 14 15 12 23 7 
2 0 3 13 15 23 5 14 6 13 20 12 3 18 11 20 17 2 1 24 11 26 17 8 23 4 25 1 
26 9 18 20 14 2 8 21 6 0 19 19 26 12 2 18 3 16 3 19 24 5 0 4 22 22 22 23 
14 9 13 25 7 1 12 5 16 8 10 19 11 26 20 20 12 14 25 1 1 6 21 13 3 16 12 2 
9 19 17 15 25 22 13 8 5 9 1 7 12 12 14 23 25 3 23 11 7 13 21 11 1 15 3 20 
11 24 19 18 22 21 0 22 17 4 11 15 1 23 23 10 19 8 26 25 16 20 25 0 26 25 7 15 
9 5 21 8 1 19 14 22 20 9 17 13 24 15 14 20 1 11 16 15 1 23 11 0 23 17 7 17 
6 10 4 10 14 15 25 26 20 9 2 11 12 10 5 19 16 24 19 14 23 18 18 18 13 0 24 21 
21 9 1 1 12 9 2 5 5 1 21 9 1 2 22 24 8 7 25 23 10 4 22 20 18 25 26 23 
23 23 16 25 24 5 17 7 23 14 6 24 17 26 8 26 8 21 20 18 16 14 5 15 14 1 17 4 
2 5 17 11 10 7 13 18 16 4 18 0 7 1 18 4 18 12 4 23 20 1 20 26 5 19 12 4 
22 18 8 15 0 1 19 2 19 12 6 23 14 25 10 13 0 24 10 21 15 3 0 2 20 0 2 2 
3 10 20 0 16 21 21 23 7 5 26 10 4 0 5 20 15 23 11 26 19 21 25 5 11 11 14 8 
5 9 3 14 7 13 10 4 12 15 6 26 26 2 0 17 8 22 12 3 14 0 9 3 6 25 8 14 
14 20 3 17 2 24 10 22 5 4 23 17 24 15 9 19 22 0 17 6 24 12 12 13 7 21 8 26 
13 3 8 6 20 10 8 16 10 10 23 0 17 19 4 5 22 10 22 18 6 16 22 8 4 4 19 24 
18 11 23 10 9 7 3 22 4 24 4 6 18 17 11 2 3 24 2 21 9 13 8 15 5 10 1 1 

1 0 0 1 1 0 1 1 0 1 1 1 1 1 1 1 0 0 1 1 1 1 0 1 1 0 0 1 0 1 1 1 1 0 1 0 1 0 1 1 1 1 0 1 0 1 1 0 1 0 1 1 1 1 1 1 1 0 0 0 1 0 1 1 1 1 1 0 1 1 1 1 1 1 1 0 1 0 1 1 0 0 1 1 0 1 1 1 0 0 0 1 1 0 1 0 1 1 1 1 0 1 1 1 0 1 1 1 1 1 0 0 0 1 1 1 1 1 0 1 0 0 0 0 1 0 1 1 1 1 0 1 1 1 1 1 0 0 1 0 1 0 1 1 1 1 1 0 1 1 1 1 1 0 1 1 0 1 1 0 0 0 1 1 0 0 0 0 0 0 1 1 0 1 1 0 0 0 0 0 1 1 0 1 0 1 1 1 1 1 0 1 0 0 0 0 1 0 1 1 0 1 0 1 0 1 1 1 1 1 1 0 0 1 1 1 1 0 0 0 1 0 0 1 1 1 1 1 0 0 0 1 1 1 0 1 1 1 1 1 1 1 1 1 0 1 0 0 1 1 0 0 1 1 1 1 1 0 0 0 1 0 0 0 0 0 1 1 1 1 0 0 1 1 0 0 0 1 1 1 1 0 1 0 1 1 1 0 1 0 1 1 1 1 1 0 1 1 0 1 1 0 0 0 1 1 1 1 0 1 0 0 1 0 1 0 1 1 1 1 0 1 0 1 0 0 0 1 1 1 0 1 1 1 1 1 0 1 1 0 1 1 1 1 1 1 1 0 1 0 1 0 1 1 1 1 0 0 1 0 1 0 0 0 1 0 0 0 0 0 0 0 0 0 0 0 0 0 
