21

10 5 16 9 7 10 0 1 6 13 15 11 3 2 6 12 6 3 8 11 16 3 17 
13 15 7 12 10 3 14 0 17 6 18 21 13 18 21 16 15 16 20 13 16 21 15 
10 0 21 0 14 12 11 7 8 14 15 19 0 20 12 19 11 11 14 15 17 1 4 
5 15 15 6 5 14 16 4 17 21 17 0 6 17 16 1 11 14 4 19 18 20 3 
2 2 17 8 9 20 0 11 13 3 9 4 8 19 7 3 7 1 8 8 2 8 0 
18 8 7 2 1 18 1 14 13 1 17 6 10 14 7 14 15 7 1 7 19 19 10 
13 17 6 9 19 3 17 6 6 10 9 0 4 16 14 17 21 18 14 9 15 1 20 
4 9 18 15 11 1 12 17 16 11 18 16 10 16 8 18 11 8 19 5 9 16 12 
19 4 20 2 10 3 17 12 13 6 5 21 19 4 8 2 1 21 1 7 19 21 21 
13 6 3 6 4 20 21 12 5 0 13 19 21 0 4 11 6 6 2 20 0 21 1 
11 10 3 2 4 15 19 10 19 8 3 16 13 6 20 2 19 3 15 12 12 11 20 
18 16 18 0 10 19 18 20 5 13 15 16 16 9 20 7 14 21 10 9 9 0 2 
13 0 10 14 18 14 6 17 17 1 19 13 2 17 10 2 0 3 19 1 9 21 7 
7 5 12 12 2 21 5 10 10 13 18 15 11 13 15 7 13 4 18 15 16 9 9 
20 11 9 11 4 17 15 5 5 2 11 7 21 11 12 5 2 9 15 6 4 13 0 
19 1 6 8 17 7 14 20 11 18 3 0 19 4 13 8 16 17 8 16 21 20 12 
16 19 19 21 10 10 12 1 5 18 18 0 11 11 3 5 3 0 0 7 20 15 12 
4 16 6 12 5 9 2 18 9 14 0 18 8 7 5 2 2 4 7 20 11 20 3 
0 9 4 1 12 14 14 7 8 8 21 5 5 14 17 11 15 20 20 14 20 8 8 
12 7 14 5 4 14 6 3 12 9 20 17 4 7 12 4 15 8 5 1 9 21 3 
18 3 1 21 2 10 13 2 2 21 16 17 3 5 6 1 13 3 9 16 7 1 5 
5 6 1 10 12 8 13 14 2 13 9 18 10 4 20 4 15 10 17 18 12 8 19 

1 0 1 1 1 1 1 1 1 0 0 1 0 0 1 1 0 1 1 0 0 0 0 1 1 1 1 1 1 1 1 0 1 1 0 0 1 1 0 1 0 0 1 1 0 0 1 1 1 0 1 1 1 0 0 1 1 1 1 0 1 1 1 1 1 1 0 1 1 1 1 1 1 1 1 0 1 0 1 1 0 1 1 1 1 0 1 1 0 1 0 0 1 1 0 1 0 1 0 1 0 0 1 1 0 0 1 1 1 1 0 1 1 1 1 0 1 1 1 0 1 1 1 0 1 1 1 1 1 0 0 0 1 1 1 1 1 1 0 0 0 1 1 0 0 1 1 0 1 0 1 0 1 0 0 1 0 1 1 1 1 1 0 0 1 0 1 1 1 0 1 1 0 0 1 1 1 0 0 1 1 1 1 0 1 1 0 1 0 0 1 1 1 1 1 1 1 0 1 1 1 0 1 1 0 1 1 1 1 0 0 1 1 1 1 1 1 1 1 0 1 1 1 0 0 1 1 1 1 0 0 0 0 1 1 1 0 0 1 1 1 1 0 0 0 0 0 0 0 0 0 0 0 
