29

10 15 11 24 5 11 22 17 2 15 16 10 9 9 2 18 8 27 18 16 9 15 20 20 26 28 9 14 0 28 18 
10 8 21 11 10 22 11 24 13 18 12 24 8 10 4 22 10 22 17 14 21 25 25 29 10 29 9 14 3 8 10 
24 3 2 4 8 24 0 20 23 19 4 29 9 11 8 7 13 21 28 16 11 0 10 20 11 26 29 26 7 20 26 
7 6 16 9 23 14 21 23 22 25 27 5 29 14 27 25 12 18 25 8 13 23 23 7 20 23 18 7 0 18 20 
25 13 15 0 8 25 25 27 8 22 27 5 27 24 1 18 13 26 15 6 12 28 24 23 0 29 26 19 26 13 10 
28 19 13 19 0 16 11 14 8 5 26 16 12 12 10 0 12 1 24 10 10 23 15 28 4 26 1 20 5 12 9 
15 29 9 16 29 4 27 11 13 5 23 24 24 29 26 13 20 3 4 28 18 19 8 14 7 2 16 9 13 17 17 
26 4 21 9 3 15 0 2 9 11 11 0 20 21 2 3 15 15 21 19 1 17 0 23 4 22 28 17 15 27 18 
8 3 1 6 14 20 19 24 14 11 16 0 21 10 8 29 13 4 14 11 17 18 17 9 17 2 9 25 5 7 6 
25 11 10 1 29 7 15 16 29 22 7 0 28 20 24 5 3 4 18 4 11 2 29 0 15 13 3 8 0 10 0 
15 6 19 12 16 1 28 24 5 22 24 3 12 5 21 10 22 22 1 5 28 15 10 4 5 6 15 26 9 6 17 
16 28 17 28 18 18 11 28 29 12 6 26 22 12 14 19 1 14 23 3 10 12 24 11 25 23 12 4 1 11 26 
20 14 22 28 17 12 13 3 11 7 1 22 5 2 13 26 1 20 14 17 24 19 4 1 26 24 4 0 26 18 9 
21 4 9 25 2 26 8 18 20 13 12 24 12 21 3 0 4 7 21 7 9 17 3 25 1 13 29 21 23 12 28 
7 1 29 20 23 26 24 25 24 23 8 18 21 21 11 29 27 12 8 7 4 29 2 5 23 29 12 10 8 2 29 
25 3 17 8 1 16 13 11 25 0 8 19 2 29 19 7 10 28 8 6 23 14 17 2 23 4 14 6 6 1 2 
28 21 27 11 16 26 27 8 17 22 2 22 10 25 25 24 26 18 1 21 26 25 12 25 23 8 15 17 19 11 8 
9 4 0 12 21 16 7 19 5 22 27 17 24 5 7 28 23 3 12 11 21 22 23 4 16 18 15 20 18 13 16 
22 2 25 3 6 27 12 5 24 21 23 24 2 14 13 1 18 18 6 25 16 15 23 25 9 3 29 17 13 22 4 
21 25 6 16 9 14 19 15 24 29 29 18 8 28 2 14 21 15 6 10 22 1 15 10 27 24 19 13 29 3 4 
3 3 4 1 9 9 12 2 21 16 8 16 6 7 26 13 15 10 26 23 0 6 24 18 5 0 25 25 23 16 6 
2 14 20 2 7 18 23 27 22 25 6 16 22 7 6 17 5 10 14 22 19 14 17 6 27 18 5 23 9 14 20 
9 19 10 20 9 4 6 1 2 6 29 1 20 14 6 3 7 13 13 29 28 20 5 18 23 21 15 2 0 14 11 
17 17 7 15 9 6 21 16 6 17 22 20 20 4 20 1 13 28 3 6 5 16 10 20 11 17 27 7 1 27 19 
16 14 26 13 25 5 28 2 23 19 9 12 25 20 15 11 21 29 18 21 3 11 17 3 0 2 2 11 2 9 26 
1 28 29 26 14 12 17 15 22 3 26 22 5 27 19 6 5 15 12 26 12 16 3 7 23 11 12 8 1 1 17 
21 25 16 3 13 1 27 3 19 27 27 16 3 22 19 3 21 4 16 0 4 28 0 15 17 7 0 27 0 15 19 
0 28 19 29 3 26 27 24 8 29 21 28 25 10 5 15 9 5 13 5 5 27 14 19 17 16 4 28 13 0 2 
7 26 6 28 19 24 27 14 14 8 28 2 10 4 18 20 7 24 19 19 28 18 5 10 13 2 20 11 20 7 19 
0 6 22 27 14 22 7 22 6 9 13 18 27 8 5 21 23 27 20 12 12 1 7 7 19 8 4 27 24 27 1 

1 1 0 0 1 0 1 0 1 1 1 1 0 0 0 0 0 0 1 1 1 1 0 1 0 1 1 1 0 0 0 1 0 1 1 0 1 1 1 1 0 0 0 1 0 1 0 0 1 0 1 1 1 1 1 1 0 1 0 1 1 0 1 0 1 1 0 1 1 0 0 1 1 0 1 0 1 0 0 1 0 1 1 1 1 1 1 1 1 0 1 0 0 0 1 0 1 1 1 1 1 1 1 1 1 1 0 0 0 0 0 1 0 1 0 0 1 0 0 0 0 0 1 0 1 1 1 0 1 1 0 1 1 1 1 1 0 1 0 1 0 1 1 1 1 1 1 1 1 1 0 1 1 1 1 1 0 1 1 1 1 0 0 0 1 0 1 0 0 0 1 1 1 1 0 1 1 1 0 1 1 1 0 1 1 1 1 0 0 1 1 1 1 1 1 1 0 1 0 1 1 1 0 0 1 1 0 1 1 0 1 1 0 1 0 1 0 0 1 1 1 1 1 0 1 1 1 1 1 0 1 0 1 1 0 0 1 0 1 1 1 1 1 1 1 1 0 1 0 0 1 1 1 0 1 1 1 1 0 1 1 0 1 1 0 0 1 0 1 1 0 0 0 1 1 0 1 1 1 1 1 1 1 1 0 0 0 0 1 0 0 1 0 0 0 1 0 0 1 0 1 0 0 1 1 1 1 1 1 0 1 0 0 1 0 0 0 1 1 1 0 1 1 1 1 1 0 1 1 0 1 0 0 1 1 0 1 1 1 0 1 1 0 0 1 0 1 1 0 1 0 0 1 0 0 0 1 1 0 1 0 1 0 1 1 0 1 0 1 0 0 1 1 1 1 0 1 0 1 1 0 1 0 1 0 0 0 0 0 1 1 1 0 0 0 1 1 0 1 1 0 0 0 1 1 0 1 1 0 0 0 0 1 1 1 1 0 1 1 1 1 0 1 0 0 1 1 1 1 0 1 1 0 0 0 0 0 0 0 0 1 0 1 0 0 1 1 0 1 1 0 0 1 0 0 0 0 0 0 0 0 0 0 0 0 
